11110010111100110111111110100111101011011101011111
11101101111011110101100010100011111000011100011110
01011100111110100101101110101100100100001001011110
11011101111001100100110110000100101100111010011111
11110111111000001100001101011100010110001111001001
10010111001101100111101000011111101111011111010001
10100101010011000100000010010001010101100001011110
10001101001100111111010101010111010111101100111111
10110111011101101111000000000001000010000011000110
00001101000111000011111011000100000010001001001000
10011001010000001000101011000000101101111110111100
10111001100010101100010100011111000011100011110010
00110011110100101100011010001101110000100101001110
00011101001111000111111000010010110111001000001111
10111111000001100001101010100001010001001000110100
10011001100100101010011011111010011111101100101000
10100110101001100010110101010110010101011010001100
11101010110101100101010101101010111011111101111110
11011101110010111100000001100000110001000001000010
01100100110011101100110100011010101101100110111011
110111000011100101110100111011111100011111